3,2
3,1
3,3
10,229
10,91
10,99
10,116
10,165
10,256
10,213
10,2
10,3
9,7
9,5
8,8
8,5
8,7
8,15
8,14
46,3
46,2
46,1
46,0
45,4
45,3
45,2
45,1
45,0
44,3
44,2
44,1
44,0
42,4
42,3
42,2
42,1
42,0
35,3
35,2
35,1
35,0
26,5
26,3
26,1
25,3
25,2
25,1
20,3
20,2
20,1
19,3
19,2
19,1
12,3
12,2
12,1
11,28
11,27
11,26
11,25
11,24
11,23
11,22
11,21
11,20
11,19
11,18
11,17
11,16
11,15
11,14
11,13
11,12
11,11
18,1
11,10
18,3
11,9
11,8
11,7
11,6
11,5
11,4
11,3
11,2
11,1
10,302
10,301
10,299
14,1
10,295
14,3
10,294
13,1
10,292
13,3
